"value" "ind_mu" "mu" "mu_j"
"1" 5.15925006925217 1 -0.592089729459334 -0.638630295420648
"2" 5.10258894429355 2 -0.115095049735469 -0.113152548926446
"3" 3.77053435146422 3 -0.307316786340609 -0.241531985327448
"4" 5.20312615485725 4 -0.617007361982222 -0.592416254644411
"5" 4.23943427618286 5 0.817536338978354 0.917471831774429
"6" 4.92230081459849 6 -0.634805670927142 -0.602150175709017
"7" 5.08033981940334 7 0.336981997465506 0.21729284365509
"8" 5.51099871426155 8 -0.0581404611117244 -0.0235788849548668
"9" 4.59953876309843 9 -0.289518477395688 -0.275918066101624
